$ANSIBLE_VAULT;1.1;AES256
31666562313433333430616534353138653064643637363236316161613432303861663132376663
3130663964316664333464323463376161313163643666640a333937666563663466386432626463
66333031356138636361373734363237396639333061613633666538616130343064663962363362
3165386637346465310a393361616333666237623636613463653032633336626335633836303562
34363436636638343362653236626437343231646430383963376464313139343735323962316162
66653565623261333662376364373438396335393766346339653738643962633765373036643736
65653362353434353236346532613064663162366166653533323132383737646630643837356238
66393037636664396131383639313665613832353564363430346337326436333137356437376538
39373031313436346437633237656439663331376530663837363537356335616163643133616534
39373265656431626137346366633635343863356464373038353538636565386264336265656439
63633531393437373832613937653664373135363235373036346133643163393031613834393532
39623764663764353630333563306239653061616538326131323637663361303737313436626434
62623062383861373433353363303330356562653832393335366530643537653338613466656666
39303361663533313063666230373565656134666436306339323862333662303863613530353539
61313234623663663937353737633632376438646430306133306631386333636338653739353337
65343861316631623039
